MICRO
m00 00000 000 000 111 000 011 0000 0001 00 0111010111 // Bootstrap
m01 00000 000 000 000 000 001 0000 0000 00 0010000000 // Bootstrap
m02 00000 000 000 101 000 011 0001 0001 01 0111011110 // εντολή LDA
m03 00000 000 000 111 000 011 0000 0010 00 0110011101  
m04 00000 000 000 100 000 001 0010 0000 00 0111011111
m05 00000 000 000 111 000 011 0000 0000 00 0110011101
m06 00000 000 000 101 000 011 0001 0001 01 0111011110
m07 00000 000 000 000 000 001 0000 0000 00 0010000000

m08 00000 000 000 101 000 011 0001 0001 01 0111011110 // εντολή ADD
m09 00000 000 000 111 000 011 0000 0010 00 0110011101
m0a 00000 000 000 100 000 001 0010 0000 00 0111011111
m0b 00000 000 000 101 000 011 0000 0000 00 0110011101
m0c 00000 000 000 101 000 011 0001 0001 01 0111011110
m0d 00000 000 000 000 000 001 0000 0000 00 0010000000

m0e 00000 000 000 101 000 011 0001 0001 01 0111011110 // εντολή STA
m0f 00000 000 000 111 000 011 0000 0010 00 0110011101
m10 00000 000 000 100 000 001 0010 0000 00 0111011111
m11 00000 000 000 100 000 001 0000 0000 00 0100011111
m12 00000 000 000 101 000 011 0001 0001 01 0111011110 
m13 00000 000 000 000 000 001 0000 0000 00 0010000000

MAPPER 
m00 02 // εντολή LDA
m01 08 // εντολή ADD
m02 0e // εντολή STA

MAIN
m00 00 // opcode εντολής LDA
m01 08 // έντελο εντολής LDA

m02 01 // opcode εντολής ADD
m03 09 // έντελο εντολής ADD

m04 02 // opcode εντολής STA
m05 0a // έντελο εντολής STA

m06 f0
m07 ff
m08 03 // περιοχή δεδομένων
m09 02
m0a 01 