MICRO
m00 00000 000 000 111 000 011 1101 1101 00 0 1 1 1 0 1 0 1 1 1	// Bootstrap
m01 00000 000 000 000 000 001 0000 0000 00 0 0 1 0 0 0 0 0 0 0  

m02 00000 000 000 101 000 011 1101 1101 01 0 1 1 1 0 1 1 1 1 0  // PC + 1 -> PC,MAR LOADBR#K
m03 00000 000 000 111 000 011 0000 0000 00 1 0 1 0 0 1 1 1 0 1  // mdr+0 -> BR,RAMF
m04 00000 000 000 101 000 011 1101 1101 01 0 1 1 1 0 1 1 1 1 0  // PC++
m05 00000 000 000 000 000 001 0000 0000 00 0 0 1 0 0 0 0 0 0 0  //next(pc)

m06 00000 000 000 101 000 011 1101 1101 01 0 1 1 1 0 1 1 1 1 0  // PC + 1 -> PC,MAR LOADSP#K
m07 00000 000 000 111 000 011 0000 0010 00 1 0 1 0 0 1 1 1 0 1  // mdr+0 -> SP,RAMF
m08 00000 000 000 101 000 011 1101 1101 01 0 1 1 1 0 1 1 1 1 0  // PC++
m09 00000 000 000 000 000 001 0000 0000 00 0 0 1 0 0 0 0 0 0 0  //next(pc)

m0a 00000 000 000 101 000 011 1101 1101 01 0 1 1 1 0 1 1 1 1 0  // PC + 1 -> PC,MAR LOADLR#K
m0b 00000 000 000 111 000 011 0000 0010 00 1 0 1 0 0 1 1 1 0 1  // mdr+0 -> LR,RAMF
m0c 00000 000 000 101 000 011 1101 1101 01 0 1 1 1 0 1 1 1 1 0  // PC++
m0d 00000 000 000 000 000 001 0000 0000 00 0 0 1 0 0 0 0 0 0 0  //next(pc)

m0e 00000 000 000 101 000 011 1101 1101 01 0 1 1 1 0 1 1 1 1 0  // PC++ PUSH$K
m0f 00000 000 000 111 000 011 0000 1000 00 1 0 1 0 0 1 1 1 0 1  // mdr + 0 -> NOP,MAR
m10 00000 000 000 111 000 011 0000 1010 00 1 1 1 0 0 1 1 1 0 1  // mdr + 0 -> temp
m11 00000 000 000 001 010 001 0010 1000 00 1 1 1 0 1 1 1 1 1 1  //SP - LR -> NOP
m12 00100 011 010 000 000 000 0000 0000 00 1 0 1 0 0 1 1 1 1 1  // NF==1
m13 00000 000 000 100 000 001 0010 0000 00 1 0 1 1 0 1 1 1 1 1 // sp + 0
m14 00000 000 000 100 000 001 1010 0000 00 1 0 0 0 1 1 1 1 1 1  //temp + 0
m15 00000 000 000 101 001 011 0010 0000 01 1 1 1 0 0 1 1 1 1 0  //SP + 1
m16 00000 000 000 101 000 011 1101 1101 01 1 1 1 1 0 1 1 1 1 0  //pc++
m17 00000 000 000 000 000 001 0000 0000 00 0 0 1 0 0 0 0 0 0 0  //next(pc)

m18 00000 000 000 101 000 011 1101 1101 01 0 1 1 1 0 1 1 1 1 0  // PC++ POP$K
m19 00000 000 000 111 000 011 0000 0100 00 1 1 1 0 0 1 1 1 0 1  //MDR + 0 -> X
m1a 00000 000 000 001 010 011 0010 0000 00 1 1 1 0 1 1 1 1 1 1  // sp - br
m1b 01000 011 011 000 000 000 0000 0000 00 1 0 1 0 0 1 1 1 1 1  //flag zero bra
m1c 00000 000 000 101 000 011 0010 0010 01 1 1 1 1 0 1 1 1 1 0  // sp + 1
m1d 00000 000 000 111 000 011 0000 1010 00 1 1 1 0 0 1 1 1 0 1  //mdr + 0
m1e 00000 000 000 100 000 001 0100 0000 00 1 0 1 1 0 1 1 1 1 1  // x + 0
m1f 00000 000 000 100 000 011 1010 0100 00 1 1 0 0 0 1 1 1 1 1  // temp + 0
m20 00000 000 000 001 001 011 1010 0100 00 1 1 1 0 0 1 1 1 1 1  // temp - x
m21 00000 000 000 100 001 001 0010 0000 00 1 0 1 1 0 1 1 1 1 1  // sp + 1
m22 00000 000 000 100 000 001 0010 0000 00 1 0 0 0 0 1 1 1 1 1  // temp + 0
m23 00000 000 000 101 000 011 1101 1101 01 1 1 1 1 0 1 1 1 1 0  //pc++
m24 00000 000 000 000 000 001 0000 0000 00 0 0 1 0 0 0 0 0 0 0  //next(pc)

m25 00000
m26
m27
m28
m29
m2a
m2b
m2c
m2d
m2e
m2f
m30
m31
m32
m33
m34